Cluster ID	Time	Cell Stage	Parent cluster	MU PC 1	MU PC 2	MU PC 3	MU PC 4	MU PC 5	MU PC 6	MU PC 7	MU PC 8	MU PC 9	MU PC 10	MU PC 11	MU PC 12	MU PC 13	MU PC 14	MU PC 15	MU PC 16	MU PC 17	MU PC 18	MU PC 19	MU PC 20	MU PC 21	MU PC 22	MU PC 23	MU PC 24	MU PC 25	MU PC 26	MU PC 27	MU PC 28	MU PC 29	MU PC 30	MU PC 31	MU PC 32	MU PC 33	MU PC 34	MU PC 35	MU PC 36	MU PC 37	MU PC 38	MU PC 39	MU PC 40	MU PC 41	MU PC 42	MU PC 43	MU PC 44
1	1	1	0	-1.009348e+03	-8.937648e+02	-1.604802e+02	-1.780542e+01	-6.798014e+01	5.682988e+01	8.353034e+00	-8.604238e+00	-1.147912e+01	-1.934768e+00	-4.232363e+00	-8.004748e+00	-3.981341e+00	-1.836417e+00	-1.975689e+00	-3.095492e+00	-2.235154e+00	2.055053e+00	-1.335383e+01	1.750122e+00	-4.204521e-01	-5.650252e-01	-2.879115e+00	5.799731e-01	-1.217734e+00	-7.183212e-01	-7.263225e-01	-1.618610e-01	9.108350e-01	-1.171989e-01	7.823742e-01	2.603885e-02	1.689931e-01	4.731981e-01	-2.470121e-01	-3.246395e-03	-9.836091e-02	1.676521e-01	-8.784911e-02	1.303054e-01	-4.271454e-01	-1.663315e-01	-1.333554e-01	-7.212724e-02
2	2	2	1	7.063360e+02	-4.604407e+02	1.872107e+02	-9.711140e+01	1.148767e+02	-5.432337e+01	9.877341e+01	-2.724270e+01	-1.294152e+01	1.546085e+01	-4.516994e+01	1.004425e+01	-1.139084e+01	-1.189766e+01	-6.461271e-01	-6.533122e+00	-5.131973e+00	3.307551e+00	5.310030e-02	1.370175e+00	-6.284068e-01	1.245967e+00	-6.713322e-02	7.334489e-01	-9.632650e-01	3.615973e-01	-1.857473e-01	-4.864367e-01	-3.501793e-01	4.237950e-01	3.398817e-01	-2.983962e-01	-2.379684e-01	6.006563e-02	-1.683581e-01	-3.190109e-02	-3.116593e-01	6.569809e-02	2.918387e-02	-3.796807e-02	-3.770405e-02	1.593525e-02	-4.680137e-02	1.006114e-01
3	3	3	2	-1.134386e+03	-4.222914e+02	7.577976e+01	-1.016737e+01	1.144485e+02	-1.626544e+01	1.083880e+02	-7.621650e+01	-2.490773e+01	4.311931e+00	-6.964009e+00	4.438813e+00	-7.626822e+00	-4.302141e+00	-3.251274e+00	5.594537e-01	-3.177599e+00	4.882324e+00	-6.005565e+00	-4.829725e-01	1.138680e+00	2.236592e+00	6.354862e-02	9.560779e-01	6.660291e-01	-3.461484e-01	5.880636e-02	2.414156e-01	-5.701686e-01	3.887182e-01	4.744987e-01	1.027137e-02	-2.332988e-01	6.930805e-02	-1.621601e-01	6.939749e-02	-3.277356e-01	9.206025e-02	1.487724e-01	-4.173746e-02	-2.362529e-01	-6.010464e-01	-5.031260e-01	-1.274775e-01
4	4	4	3	-1.209619e+03	-9.084462e+02	-2.328380e+02	2.148111e+01	-1.245984e+02	1.682359e+02	-2.588576e+01	-1.550060e+01	-8.800424e+00	-1.801355e+01	5.423849e+00	-1.865054e+01	9.829170e+00	6.420950e+00	-6.089503e-01	-3.745607e+00	1.087295e+00	-3.014609e+00	-1.660142e+01	3.019460e+00	-8.790031e-02	-1.633122e+00	-3.617061e+00	-7.566484e-01	-2.394023e+00	4.898953e-01	-1.395043e+00	1.093086e-01	2.014416e+00	-6.785230e-01	1.458113e+00	-3.046028e-01	8.555530e-01	1.778161e+00	-2.066022e-01	-1.136599e-01	-3.100727e-01	1.628804e-01	-2.095142e-01	4.091920e-01	-5.993908e-01	-6.820405e-01	-5.617309e-01	-2.796681e-01
5	5	5	4	-1.871474e+03	-9.258630e+02	-6.360164e+01	3.423197e+01	-3.386706e+01	4.891106e+01	2.970535e+01	-3.361409e+01	-1.516106e+01	1.030171e+01	-3.267883e+00	1.762787e-02	-4.551858e+00	1.473933e-01	-5.028256e+00	-6.631305e+00	-2.369357e+00	3.838213e+00	-8.357937e+00	1.684277e+00	1.394536e+00	-1.133840e+00	-4.205083e+00	7.227173e+00	1.788259e-01	6.797290e-02	6.023610e-01	-4.610594e-01	2.507357e-03	-2.159764e-01	2.870365e-01	4.378408e-02	6.598266e-01	1.950027e-01	2.196958e-02	1.067322e+00	4.384393e-01	-1.712285e-01	6.901018e-02	-1.290182e-01	-3.702723e-01	5.437283e-01	4.193480e-01	1.429343e-01
6	6	6	5	-5.575726e+02	-7.026886e+02	3.027085e+02	-1.391457e+02	6.521621e+02	-3.738499e+01	4.761850e+02	-3.762221e+02	-1.529460e+02	5.651338e+01	-8.741374e+01	3.304140e+01	-4.546115e+01	-2.453018e+01	-8.379361e+00	1.321843e+01	-1.961039e+01	3.175048e+01	-2.482214e+01	2.984734e+00	3.322197e+00	6.857610e+00	2.232832e+00	-2.627406e-01	-7.024825e-01	3.324965e-01	6.347471e-02	-1.576056e-01	-2.285212e+00	1.731617e+00	2.002079e+00	3.856339e-01	5.335602e-01	6.769331e-01	-1.091517e+00	5.619433e-01	-1.398200e+00	-8.591491e-02	5.974006e-01	-7.073693e-01	-1.317450e+00	-5.231878e+00	-4.408173e+00	-9.852441e-01
7	7	7	6	1.406561e+02	-6.147522e+02	-8.683866e+00	-2.645297e+01	2.995204e+00	9.498640e+01	2.389673e+01	7.592258e+00	-1.094262e+00	-1.442470e+01	-2.269264e+01	-1.634756e+01	7.227184e-01	-1.721216e+00	2.504492e+00	-3.245929e+00	1.574259e-01	-3.852151e+00	-6.122717e+00	2.526632e+00	-1.205069e+00	-3.431035e-01	3.678359e-02	-3.127687e-01	-1.158132e+00	2.347704e+00	-5.721985e-01	-3.789675e-01	1.980550e-01	-4.671211e-02	6.914097e-01	-3.110851e-01	2.358778e-01	8.129801e-01	-3.216535e-01	-1.105768e-01	-2.213836e-01	1.122775e-01	-5.816662e-02	2.974508e-02	-1.850900e-01	-1.378206e-01	-2.249044e-01	-9.065964e-02
8	8	8	7	-1.110020e+03	4.985736e+01	-1.894981e+00	4.522410e-01	-1.181983e+00	-7.480517e+00	1.713614e+00	1.358906e+00	-7.994988e-01	-3.238532e-01	-3.726046e-02	1.018760e+00	-1.285326e+00	-7.693088e-02	-7.872891e-02	1.808698e-01	1.077166e-01	-4.203036e-01	5.821744e-01	-2.991567e-01	-2.913687e-01	4.510463e-02	1.877998e-02	8.468759e-02	-1.894640e-01	7.736411e-02	-6.065440e-02	8.435813e-03	-5.683031e-03	-1.472010e-02	-1.128495e-02	-1.376634e-02	2.715953e-02	-3.834464e-02	1.434927e-02	-1.863042e-03	-5.753072e-03	4.097129e-02	-6.525635e-03	4.566505e-03	-3.104977e-02	2.068669e-02	1.850928e-03	-2.706374e-03
9	8	8	7	1.989672e+03	-9.114922e+01	3.370556e+00	-8.879193e-01	2.126994e+00	1.368393e+01	-3.000980e+00	-2.413056e+00	1.429572e+00	5.381361e-01	3.243366e-04	-1.873583e+00	2.305541e+00	1.328272e-01	1.484234e-01	-3.336405e-01	-1.925773e-01	7.419433e-01	-1.061240e+00	5.435155e-01	5.186312e-01	-8.183641e-02	-3.354776e-02	-1.526840e-01	3.361460e-01	-1.317690e-01	1.070228e-01	-1.622748e-02	1.076448e-02	2.624301e-02	2.224832e-02	2.375964e-02	-4.798171e-02	7.109781e-02	-2.665712e-02	3.014948e-03	9.661776e-03	-7.309562e-02	1.152422e-02	-8.096503e-03	5.510210e-02	-3.747606e-02	-3.975614e-03	4.584600e-03
